200
209.695265991431
219.336818735636
228.924955812169
238.459973151949
247.94216504639
257.37182415649
266.749241521857
276.074706569699
285.348507123751
294.57092941316
303.742258081324
312.862776194669
321.932765251392
330.952505190146
339.922274398684
348.842349722446
357.713006473106
366.534518437071
375.307157883929
384.031195574853
392.706900770958
401.334541241613
409.9143832727
418.446691674842
426.931729791567
435.36975950744
443.761041256149
452.105834028536
460.404395380596
468.656981441425
476.863846921125
485.025245118664
493.141427929695
501.212645854334
509.239148004884
517.221182113532
525.158994539987
533.052830279091
540.902932968376
548.709544895586
556.472907006152
564.193258910632
571.870838892106
579.505883913528
587.098629625041
594.649310371253
602.158159198465
609.625407861865
617.051286832685
624.436025305309
631.779851204351
639.082991191686
646.34567067345
653.568113806994
660.750543507801
667.893181456373
674.996248105062
682.059962684887
689.08454321229
696.070206495869
703.01716814307
709.925642566842
716.795842992251
723.627981463068
730.422268848304
737.178914848727
743.898128003332
750.580115695772
757.225084160766
763.833238490462
770.404782640764
776.939919437631
783.438850583335
789.901776662686
796.328897149223
802.720410411375
809.076513718576
815.397403247358
821.683274087406
827.934320247579
834.150734661897
840.332709195494
846.480434650545
852.594100772152
858.673896254197
864.720008745173
870.732624853969
876.711930155634
882.658109197102
888.571345502892
894.451821580763
900.29971892736
906.115218033805
911.898498391273
917.649738496531
923.369115857444
929.056806998461
934.712987466056
940.337831834148
945.931513709493
951.494205737035
957.026079605243
962.527306051404
967.998054866893
973.438494902418
978.848794073225
984.229119364287
989.579636835454
994.900511626578
1000.19190796261
1005.45398915868
1010.68691762511
1015.89085487245
1021.06596151648
1026.2123972831
1031.33032101334
1036.41989066822
1041.48126333362
1046.51459522515
1051.52004169296
1056.49775722654
1061.44789545947
1066.37060917419
1071.26605030671
1076.13436995127
1080.97571836503
1085.79024497273
1090.57809837123
1095.33942633417
1100.0743758165
1104.78309295901
1109.46572309285
1114.12241074401
1118.75329963779
1123.35853270322
1127.9382520775
1132.49259911035
1137.0217143684
1141.52573763952
1146.00480793713
1150.45906350449
1154.88864181898
1159.29367959634
1163.67431279486
1168.03067661963
1172.36290552667
1176.67113322708
1180.9554926912
1185.21611615269
1189.45313511261
1193.66668034349
1197.85688189335
1202.02386908973
1206.16777054368
1210.28871415372
1214.38682710981
1218.46223589722
1222.51506630051
1226.54544340735
1230.55349161242
1234.53933462124
1238.50309545395
1242.44489644918
1246.36485926776
1250.26310489652
1254.13975365197
1257.99492518409
1261.82873847995
1265.64131186744
1269.43276301886
1273.20320895462
1276.95276604681
1280.6815500228
1284.3896759688
1288.07725833344
1291.74441093129
1295.39124694636
1299.0178789356
1302.62441883239
1306.21097794998
1309.77766698491
1313.32459602047
1316.85187453007
1320.35961138058
1323.84791483579
1327.31689255965
1330.76665161965
1334.19729849012
1337.60893905548
1341.00167861355
1344.3756218788
1347.73087298553
1351.06753549115
1354.38571237933
1357.6855060632
1360.96701838851
1364.23035063677
1367.47560352836
1370.70287722567
