35
34.9978395728534
34.9913590915141
34.98056095579
34.9654491637154
34.9460293090835
34.9223085779962
34.8942957444318
34.8620011648367
34.8254367717439
34.7846160664254
34.7395541105838
34.69026751709
34.6367744397764
34.5790945622932
34.5172490860371
34.4512607171641
34.3811536526966
34.3069535657364
34.2286875897973
34.1463843022696
34.0600737070318
33.9697872162227
33.8755576311913
33.7774191226388
33.675407209971
33.5695587398779
33.4599118641585
33.3465060168096
33.2293818903982
33.1085814117368
32.9841477168822
32.8561251254784
32.7245591144659
32.5894962911771
32.4509843658432
32.3090721235323
32.163809395543
32.0152470302782
31.86343686362
31.7084316888328
31.5502852260174
31.3890520911404
31.224787764666
31.0575485598123
30.8873915904608
30.7143747387413
30.5385566223206
30.3599965614194
30.1787545455833
29.9948912002348
29.8084677530304
29.6195460000517
29.428188271853
29.2344573993945
29.0384166798849
28.8401298425603
28.6396610144242
28.4370746859755
28.2324356769479
28.0258091020883
27.8172603369968
27.6068549840549
27.3946588384654
27.1807378544285
26.9651581114782
26.7479857810022
26.5292870929691
26.3091283028853
26.0875756590043
25.8646953698108
25.6405535718007
25.4152162975792
25.1887494442963
24.9612187424421
24.7326897250201
24.5032276971178
24.2728977058954
24.0417645110086
23.8098925554839
23.5773459370654
23.3441883800466
23.110483207606
22.8762933146605
22.6416811412523
22.4067086464828
22.1714372830073
21.9359279721048
21.7002410793331
21.4644363907832
21.2285730899422
20.9927097351768
20.7569042378463
20.5212138410544
20.2856950990492
20.0504038572773
19.8153952331019
19.5807235971897
19.3464425555724
19.1126049323898
18.8792627533169
18.6464672296811
18.414268743271
18.1827168318415
17.9518601753153
17.7217465826835
17.4924229796061
17.263935396712
17.036328958599
16.8096478735318
16.5839354238377
16.3592339569967
16.1355848774237
15.9130286389408
15.691604737933
15.4713517071863
15.252307110401
15.0345075373759
14.8179885998567
14.6027849280441
14.3889301677516
14.1764569782093
13.9653970305031
13.7557810066428
13.5476385992496
13.3409985118547
13.135888459799
12.9323351717244
12.7303643916471
12.530000881601
12.3312684248424
12.1341898296029
11.9387869333807
11.7450806077575
11.5530907637299
11.3628363575422
11.1743353970095
10.9876049483166
10.8026611432817
10.6195191870708
10.4381933663498
10.258697057861
10.0810427374106
9.90524198925358
9.73130551586179
9.55924314806225
9.38906385553098
9.22077575762899
9.05438613456598
8.88990143887808
8.72732730720537
8.56666857235512
8.40792927563689
8.25111267945523
8.09622128014619
7.94325682104358
7.79222030576118
7.64311201167706
7.49593150360631
7.35067764764859
7.20734862519696
7.06594194709465
6.92645446792651
6.78888240043195
6.65322133002656
6.51946622941953
6.38761147331427
6.25765085317973
6.12957759208028
6.00338435955203
5.87906328651368
5.75660598020042
5.63600353910932
5.51724656794501
5.40032519255489
5.28522907484282
5.17194742765112
5.0604690296005
4.9507822398779
4.84287501296267
4.73673491328144
4.63234912978275
4.52970449042214
4.42878747654951
4.32958423718992
4.23208060321004
4.13626210136232
4.04211396819927
3.94962116385073
3.85876838565698
3.76954008165112
3.68192046388426
3.5958935215873
3.51144303416362
3.42855258400689
3.34720556913885
3.26738521566202
3.18907459002249
3.11225661107852
3.0369140619705
